# rolling collision rate
0.000000000000000000e+00
0.000000000000000000e+00
0.000000000000000000e+00
0.000000000000000000e+00
0.000000000000000000e+00
0.000000000000000000e+00
1.428571428571428492e-01
2.500000000000000000e-01
3.333333333333333148e-01
2.999999999999999889e-01
3.636363636363636465e-01
3.333333333333333148e-01
3.076923076923077094e-01
2.857142857142856984e-01
3.333333333333333148e-01
3.750000000000000000e-01
4.117647058823529216e-01
4.444444444444444198e-01
4.736842105263157632e-01
5.000000000000000000e-01
4.761904761904761640e-01
4.545454545454545303e-01
4.782608695652174058e-01
5.000000000000000000e-01
5.200000000000000178e-01
5.000000000000000000e-01
5.185185185185184897e-01
5.000000000000000000e-01
4.827586206896551935e-01
5.000000000000000000e-01
5.161290322580645018e-01
5.312500000000000000e-01
5.454545454545454142e-01
5.294117647058823595e-01
5.142857142857142350e-01
5.277777777777777901e-01
5.405405405405405705e-01
5.526315789473684736e-01
5.641025641025640969e-01
5.749999999999999556e-01
5.609756097560976151e-01
5.714285714285713969e-01
5.581395348837209225e-01
5.454545454545454142e-01
5.333333333333333259e-01
5.217391304347825942e-01
5.319148936170212671e-01
5.208333333333333703e-01
5.102040816326530726e-01
5.000000000000000000e-01
5.000000000000000000e-01
5.200000000000000178e-01
5.200000000000000178e-01
5.200000000000000178e-01
5.200000000000000178e-01
5.400000000000000355e-01
5.200000000000000178e-01
5.200000000000000178e-01
5.200000000000000178e-01
5.200000000000000178e-01
5.000000000000000000e-01
5.200000000000000178e-01
5.200000000000000178e-01
5.200000000000000178e-01
5.000000000000000000e-01
4.799999999999999822e-01
4.600000000000000200e-01
4.600000000000000200e-01
4.400000000000000022e-01
4.199999999999999845e-01
4.400000000000000022e-01
4.400000000000000022e-01
4.400000000000000022e-01
4.199999999999999845e-01
4.000000000000000222e-01
4.199999999999999845e-01
4.000000000000000222e-01
4.199999999999999845e-01
4.400000000000000022e-01
4.400000000000000022e-01
4.199999999999999845e-01
4.000000000000000222e-01
3.800000000000000044e-01
4.000000000000000222e-01
4.000000000000000222e-01
4.000000000000000222e-01
3.800000000000000044e-01
3.599999999999999867e-01
3.599999999999999867e-01
3.599999999999999867e-01
3.599999999999999867e-01
3.400000000000000244e-01
3.599999999999999867e-01
3.800000000000000044e-01
3.800000000000000044e-01
4.000000000000000222e-01
3.800000000000000044e-01
3.800000000000000044e-01
3.800000000000000044e-01
3.800000000000000044e-01
3.800000000000000044e-01
3.800000000000000044e-01
4.000000000000000222e-01
4.199999999999999845e-01
4.199999999999999845e-01
4.199999999999999845e-01
4.400000000000000022e-01
4.199999999999999845e-01
4.000000000000000222e-01
4.000000000000000222e-01
4.199999999999999845e-01
4.000000000000000222e-01
4.000000000000000222e-01
4.000000000000000222e-01
4.000000000000000222e-01
4.000000000000000222e-01
4.000000000000000222e-01
3.800000000000000044e-01
3.800000000000000044e-01
3.800000000000000044e-01
3.599999999999999867e-01
3.599999999999999867e-01
3.400000000000000244e-01
3.400000000000000244e-01
3.400000000000000244e-01
3.200000000000000067e-01
3.200000000000000067e-01
2.999999999999999889e-01
2.999999999999999889e-01
2.800000000000000266e-01
2.800000000000000266e-01
2.800000000000000266e-01
2.800000000000000266e-01
2.600000000000000089e-01
2.600000000000000089e-01
2.399999999999999911e-01
2.600000000000000089e-01
2.800000000000000266e-01
2.600000000000000089e-01
2.399999999999999911e-01
2.399999999999999911e-01
2.399999999999999911e-01
2.200000000000000011e-01
2.000000000000000111e-01
2.000000000000000111e-01
1.799999999999999933e-01
1.799999999999999933e-01
1.799999999999999933e-01
2.000000000000000111e-01
2.000000000000000111e-01
2.000000000000000111e-01
1.799999999999999933e-01
1.799999999999999933e-01
1.600000000000000033e-01
1.600000000000000033e-01
1.400000000000000133e-01
1.199999999999999956e-01
1.400000000000000133e-01
1.600000000000000033e-01
1.799999999999999933e-01
1.600000000000000033e-01
1.600000000000000033e-01
1.600000000000000033e-01
1.600000000000000033e-01
1.799999999999999933e-01
1.799999999999999933e-01
1.799999999999999933e-01
1.799999999999999933e-01
1.799999999999999933e-01
2.000000000000000111e-01
2.000000000000000111e-01
2.000000000000000111e-01
2.000000000000000111e-01
2.200000000000000011e-01
2.200000000000000011e-01
2.200000000000000011e-01
2.399999999999999911e-01
2.399999999999999911e-01
2.200000000000000011e-01
2.200000000000000011e-01
2.200000000000000011e-01
2.399999999999999911e-01
2.399999999999999911e-01
2.399999999999999911e-01
2.399999999999999911e-01
2.399999999999999911e-01
2.200000000000000011e-01
2.000000000000000111e-01
2.000000000000000111e-01
2.000000000000000111e-01
2.000000000000000111e-01
2.000000000000000111e-01
2.000000000000000111e-01
2.000000000000000111e-01
2.000000000000000111e-01
2.000000000000000111e-01
2.000000000000000111e-01
2.200000000000000011e-01
2.000000000000000111e-01
2.000000000000000111e-01
2.000000000000000111e-01
2.200000000000000011e-01
2.000000000000000111e-01
2.000000000000000111e-01
2.000000000000000111e-01
2.000000000000000111e-01
2.000000000000000111e-01
2.000000000000000111e-01
1.799999999999999933e-01
1.600000000000000033e-01
1.600000000000000033e-01
1.600000000000000033e-01
1.799999999999999933e-01
1.799999999999999933e-01
1.600000000000000033e-01
1.600000000000000033e-01
1.600000000000000033e-01
1.600000000000000033e-01
1.600000000000000033e-01
1.400000000000000133e-01
1.400000000000000133e-01
1.400000000000000133e-01
1.400000000000000133e-01
1.199999999999999956e-01
1.199999999999999956e-01
1.199999999999999956e-01
1.000000000000000056e-01
1.000000000000000056e-01
1.000000000000000056e-01
1.000000000000000056e-01
1.000000000000000056e-01
1.000000000000000056e-01
1.000000000000000056e-01
1.000000000000000056e-01
1.000000000000000056e-01
1.000000000000000056e-01
1.000000000000000056e-01
1.000000000000000056e-01
1.000000000000000056e-01
1.000000000000000056e-01
1.000000000000000056e-01
1.000000000000000056e-01
1.000000000000000056e-01
1.000000000000000056e-01
1.000000000000000056e-01
1.000000000000000056e-01
1.000000000000000056e-01
8.000000000000000167e-02
8.000000000000000167e-02
1.000000000000000056e-01
1.000000000000000056e-01
8.000000000000000167e-02
8.000000000000000167e-02
8.000000000000000167e-02
8.000000000000000167e-02
8.000000000000000167e-02
8.000000000000000167e-02
5.999999999999999778e-02
5.999999999999999778e-02
8.000000000000000167e-02
8.000000000000000167e-02
8.000000000000000167e-02
5.999999999999999778e-02
5.999999999999999778e-02
5.999999999999999778e-02
5.999999999999999778e-02
5.999999999999999778e-02
5.999999999999999778e-02
5.999999999999999778e-02
5.999999999999999778e-02
5.999999999999999778e-02
5.999999999999999778e-02
8.000000000000000167e-02
8.000000000000000167e-02
8.000000000000000167e-02
8.000000000000000167e-02
8.000000000000000167e-02
8.000000000000000167e-02
8.000000000000000167e-02
8.000000000000000167e-02
8.000000000000000167e-02
5.999999999999999778e-02
5.999999999999999778e-02
5.999999999999999778e-02
5.999999999999999778e-02
5.999999999999999778e-02
5.999999999999999778e-02
5.999999999999999778e-02
5.999999999999999778e-02
5.999999999999999778e-02
5.999999999999999778e-02
5.999999999999999778e-02
5.999999999999999778e-02
5.999999999999999778e-02
5.999999999999999778e-02
5.999999999999999778e-02
5.999999999999999778e-02
5.999999999999999778e-02
5.999999999999999778e-02
4.000000000000000083e-02
4.000000000000000083e-02
4.000000000000000083e-02
5.999999999999999778e-02
5.999999999999999778e-02
5.999999999999999778e-02
5.999999999999999778e-02
5.999999999999999778e-02
5.999999999999999778e-02
5.999999999999999778e-02
4.000000000000000083e-02
4.000000000000000083e-02
4.000000000000000083e-02
4.000000000000000083e-02
5.999999999999999778e-02
5.999999999999999778e-02
8.000000000000000167e-02
1.000000000000000056e-01
1.000000000000000056e-01
1.000000000000000056e-01
1.199999999999999956e-01
1.199999999999999956e-01
1.199999999999999956e-01
1.000000000000000056e-01
1.000000000000000056e-01
1.000000000000000056e-01
1.000000000000000056e-01
1.000000000000000056e-01
1.000000000000000056e-01
1.199999999999999956e-01
1.199999999999999956e-01
1.199999999999999956e-01
1.199999999999999956e-01
1.199999999999999956e-01
1.199999999999999956e-01
1.400000000000000133e-01
1.400000000000000133e-01
1.400000000000000133e-01
1.400000000000000133e-01
1.400000000000000133e-01
1.400000000000000133e-01
1.400000000000000133e-01
1.400000000000000133e-01
1.400000000000000133e-01
1.400000000000000133e-01
1.400000000000000133e-01
1.400000000000000133e-01
1.400000000000000133e-01
1.400000000000000133e-01
1.400000000000000133e-01
1.400000000000000133e-01
1.400000000000000133e-01
1.600000000000000033e-01
1.400000000000000133e-01
1.400000000000000133e-01
1.600000000000000033e-01
1.600000000000000033e-01
1.600000000000000033e-01
1.600000000000000033e-01
1.600000000000000033e-01
1.600000000000000033e-01
1.600000000000000033e-01
1.799999999999999933e-01
2.000000000000000111e-01
1.799999999999999933e-01
1.799999999999999933e-01
1.600000000000000033e-01
1.600000000000000033e-01
1.600000000000000033e-01
1.600000000000000033e-01
1.400000000000000133e-01
1.400000000000000133e-01
1.400000000000000133e-01
1.400000000000000133e-01
1.400000000000000133e-01
1.400000000000000133e-01
1.400000000000000133e-01
1.600000000000000033e-01
1.600000000000000033e-01
1.400000000000000133e-01
1.400000000000000133e-01
1.400000000000000133e-01
1.400000000000000133e-01
1.400000000000000133e-01
1.400000000000000133e-01
1.400000000000000133e-01
1.400000000000000133e-01
1.400000000000000133e-01
1.400000000000000133e-01
1.400000000000000133e-01
1.400000000000000133e-01
1.400000000000000133e-01
1.400000000000000133e-01
1.400000000000000133e-01
1.400000000000000133e-01
1.400000000000000133e-01
1.400000000000000133e-01
1.400000000000000133e-01
1.400000000000000133e-01
1.400000000000000133e-01
1.400000000000000133e-01
1.400000000000000133e-01
1.199999999999999956e-01
1.199999999999999956e-01
1.199999999999999956e-01
1.199999999999999956e-01
1.199999999999999956e-01
1.199999999999999956e-01
1.199999999999999956e-01
1.199999999999999956e-01
1.199999999999999956e-01
1.199999999999999956e-01
1.000000000000000056e-01
8.000000000000000167e-02
8.000000000000000167e-02
8.000000000000000167e-02
8.000000000000000167e-02
5.999999999999999778e-02
5.999999999999999778e-02
5.999999999999999778e-02
5.999999999999999778e-02
5.999999999999999778e-02
5.999999999999999778e-02
5.999999999999999778e-02
5.999999999999999778e-02
5.999999999999999778e-02
5.999999999999999778e-02
4.000000000000000083e-02
4.000000000000000083e-02
4.000000000000000083e-02
4.000000000000000083e-02
4.000000000000000083e-02
4.000000000000000083e-02
4.000000000000000083e-02
4.000000000000000083e-02
2.000000000000000042e-02
2.000000000000000042e-02
2.000000000000000042e-02
2.000000000000000042e-02
2.000000000000000042e-02
2.000000000000000042e-02
2.000000000000000042e-02
2.000000000000000042e-02
2.000000000000000042e-02
2.000000000000000042e-02
2.000000000000000042e-02
2.000000000000000042e-02
4.000000000000000083e-02
4.000000000000000083e-02
4.000000000000000083e-02
4.000000000000000083e-02
5.999999999999999778e-02
8.000000000000000167e-02
8.000000000000000167e-02
8.000000000000000167e-02
5.999999999999999778e-02
5.999999999999999778e-02
5.999999999999999778e-02
5.999999999999999778e-02
5.999999999999999778e-02
8.000000000000000167e-02
8.000000000000000167e-02
8.000000000000000167e-02
8.000000000000000167e-02
8.000000000000000167e-02
8.000000000000000167e-02
8.000000000000000167e-02
8.000000000000000167e-02
8.000000000000000167e-02
8.000000000000000167e-02
8.000000000000000167e-02
8.000000000000000167e-02
8.000000000000000167e-02
8.000000000000000167e-02
8.000000000000000167e-02
8.000000000000000167e-02
8.000000000000000167e-02
1.000000000000000056e-01
1.000000000000000056e-01
1.000000000000000056e-01
1.000000000000000056e-01
1.000000000000000056e-01
1.000000000000000056e-01
1.000000000000000056e-01
1.000000000000000056e-01
1.000000000000000056e-01
1.000000000000000056e-01
1.000000000000000056e-01
1.000000000000000056e-01
1.000000000000000056e-01
1.000000000000000056e-01
1.000000000000000056e-01
1.000000000000000056e-01
1.000000000000000056e-01
1.000000000000000056e-01
1.000000000000000056e-01
1.000000000000000056e-01
1.000000000000000056e-01
1.000000000000000056e-01
1.000000000000000056e-01
1.000000000000000056e-01
8.000000000000000167e-02
8.000000000000000167e-02
8.000000000000000167e-02
8.000000000000000167e-02
8.000000000000000167e-02
8.000000000000000167e-02
8.000000000000000167e-02
8.000000000000000167e-02
8.000000000000000167e-02
5.999999999999999778e-02
5.999999999999999778e-02
5.999999999999999778e-02
5.999999999999999778e-02
5.999999999999999778e-02
5.999999999999999778e-02
5.999999999999999778e-02
8.000000000000000167e-02
1.000000000000000056e-01
1.000000000000000056e-01
1.199999999999999956e-01
1.199999999999999956e-01
1.199999999999999956e-01
1.199999999999999956e-01
1.199999999999999956e-01
1.400000000000000133e-01
1.400000000000000133e-01
1.199999999999999956e-01
1.199999999999999956e-01
1.199999999999999956e-01
1.400000000000000133e-01
1.400000000000000133e-01
1.400000000000000133e-01
1.400000000000000133e-01
1.400000000000000133e-01
1.400000000000000133e-01
1.400000000000000133e-01
1.400000000000000133e-01
1.600000000000000033e-01
1.600000000000000033e-01
1.600000000000000033e-01
1.600000000000000033e-01
1.600000000000000033e-01
1.600000000000000033e-01
1.600000000000000033e-01
1.600000000000000033e-01
1.600000000000000033e-01
1.400000000000000133e-01
1.400000000000000133e-01
1.400000000000000133e-01
1.400000000000000133e-01
1.400000000000000133e-01
1.199999999999999956e-01
1.199999999999999956e-01
1.199999999999999956e-01
1.199999999999999956e-01
1.199999999999999956e-01
1.199999999999999956e-01
1.199999999999999956e-01
1.199999999999999956e-01
1.199999999999999956e-01
1.199999999999999956e-01
1.199999999999999956e-01
1.199999999999999956e-01
1.199999999999999956e-01
1.199999999999999956e-01
1.199999999999999956e-01
1.000000000000000056e-01
8.000000000000000167e-02
8.000000000000000167e-02
5.999999999999999778e-02
5.999999999999999778e-02
8.000000000000000167e-02
8.000000000000000167e-02
8.000000000000000167e-02
5.999999999999999778e-02
5.999999999999999778e-02
5.999999999999999778e-02
5.999999999999999778e-02
5.999999999999999778e-02
4.000000000000000083e-02
4.000000000000000083e-02
4.000000000000000083e-02
4.000000000000000083e-02
4.000000000000000083e-02
4.000000000000000083e-02
4.000000000000000083e-02
4.000000000000000083e-02
2.000000000000000042e-02
2.000000000000000042e-02
2.000000000000000042e-02
2.000000000000000042e-02
2.000000000000000042e-02
2.000000000000000042e-02
2.000000000000000042e-02
2.000000000000000042e-02
2.000000000000000042e-02
2.000000000000000042e-02
2.000000000000000042e-02
2.000000000000000042e-02
4.000000000000000083e-02
4.000000000000000083e-02
4.000000000000000083e-02
4.000000000000000083e-02
4.000000000000000083e-02
4.000000000000000083e-02
4.000000000000000083e-02
4.000000000000000083e-02
4.000000000000000083e-02
4.000000000000000083e-02
4.000000000000000083e-02
4.000000000000000083e-02
4.000000000000000083e-02
4.000000000000000083e-02
5.999999999999999778e-02
5.999999999999999778e-02
5.999999999999999778e-02
5.999999999999999778e-02
5.999999999999999778e-02
5.999999999999999778e-02
5.999999999999999778e-02
5.999999999999999778e-02
4.000000000000000083e-02
4.000000000000000083e-02
4.000000000000000083e-02
4.000000000000000083e-02
4.000000000000000083e-02
4.000000000000000083e-02
4.000000000000000083e-02
4.000000000000000083e-02
4.000000000000000083e-02
4.000000000000000083e-02
4.000000000000000083e-02
4.000000000000000083e-02
4.000000000000000083e-02
4.000000000000000083e-02
5.999999999999999778e-02
5.999999999999999778e-02
5.999999999999999778e-02
5.999999999999999778e-02
5.999999999999999778e-02
5.999999999999999778e-02
5.999999999999999778e-02
8.000000000000000167e-02
8.000000000000000167e-02
8.000000000000000167e-02
8.000000000000000167e-02
8.000000000000000167e-02
8.000000000000000167e-02
8.000000000000000167e-02
5.999999999999999778e-02
8.000000000000000167e-02
1.000000000000000056e-01
1.000000000000000056e-01
1.000000000000000056e-01
1.000000000000000056e-01
1.000000000000000056e-01
1.000000000000000056e-01
1.000000000000000056e-01
1.000000000000000056e-01
1.000000000000000056e-01
1.000000000000000056e-01
1.000000000000000056e-01
1.000000000000000056e-01
8.000000000000000167e-02
8.000000000000000167e-02
8.000000000000000167e-02
8.000000000000000167e-02
1.000000000000000056e-01
1.000000000000000056e-01
1.000000000000000056e-01
1.199999999999999956e-01
1.199999999999999956e-01
1.199999999999999956e-01
1.199999999999999956e-01
1.199999999999999956e-01
1.199999999999999956e-01
1.199999999999999956e-01
1.400000000000000133e-01
1.400000000000000133e-01
1.600000000000000033e-01
1.600000000000000033e-01
1.600000000000000033e-01
1.600000000000000033e-01
1.600000000000000033e-01
1.799999999999999933e-01
1.600000000000000033e-01
1.600000000000000033e-01
1.799999999999999933e-01
1.799999999999999933e-01
1.799999999999999933e-01
1.799999999999999933e-01
1.799999999999999933e-01
1.600000000000000033e-01
1.600000000000000033e-01
1.600000000000000033e-01
1.600000000000000033e-01
1.600000000000000033e-01
1.600000000000000033e-01
1.600000000000000033e-01
1.600000000000000033e-01
1.600000000000000033e-01
1.400000000000000133e-01
1.400000000000000133e-01
1.400000000000000133e-01
1.400000000000000133e-01
1.400000000000000133e-01
1.400000000000000133e-01
1.400000000000000133e-01
1.400000000000000133e-01
1.400000000000000133e-01
1.400000000000000133e-01
1.400000000000000133e-01
1.400000000000000133e-01
1.400000000000000133e-01
1.400000000000000133e-01
1.400000000000000133e-01
1.400000000000000133e-01
1.199999999999999956e-01
1.199999999999999956e-01
1.400000000000000133e-01
1.199999999999999956e-01
1.199999999999999956e-01
1.199999999999999956e-01
1.199999999999999956e-01
1.199999999999999956e-01
1.199999999999999956e-01
1.199999999999999956e-01
1.000000000000000056e-01
1.000000000000000056e-01
8.000000000000000167e-02
8.000000000000000167e-02
8.000000000000000167e-02
8.000000000000000167e-02
1.000000000000000056e-01
8.000000000000000167e-02
8.000000000000000167e-02
8.000000000000000167e-02
5.999999999999999778e-02
5.999999999999999778e-02
5.999999999999999778e-02
5.999999999999999778e-02
5.999999999999999778e-02
5.999999999999999778e-02
5.999999999999999778e-02
5.999999999999999778e-02
5.999999999999999778e-02
5.999999999999999778e-02
5.999999999999999778e-02
5.999999999999999778e-02
5.999999999999999778e-02
4.000000000000000083e-02
4.000000000000000083e-02
4.000000000000000083e-02
4.000000000000000083e-02
4.000000000000000083e-02
4.000000000000000083e-02
4.000000000000000083e-02
4.000000000000000083e-02
4.000000000000000083e-02
4.000000000000000083e-02
5.999999999999999778e-02
5.999999999999999778e-02
5.999999999999999778e-02
5.999999999999999778e-02
5.999999999999999778e-02
5.999999999999999778e-02
5.999999999999999778e-02
5.999999999999999778e-02
5.999999999999999778e-02
4.000000000000000083e-02
4.000000000000000083e-02
4.000000000000000083e-02
4.000000000000000083e-02
4.000000000000000083e-02
4.000000000000000083e-02
4.000000000000000083e-02
4.000000000000000083e-02
4.000000000000000083e-02
4.000000000000000083e-02
4.000000000000000083e-02
4.000000000000000083e-02
4.000000000000000083e-02
4.000000000000000083e-02
2.000000000000000042e-02
2.000000000000000042e-02
2.000000000000000042e-02
2.000000000000000042e-02
2.000000000000000042e-02
2.000000000000000042e-02
2.000000000000000042e-02
2.000000000000000042e-02
2.000000000000000042e-02
2.000000000000000042e-02
2.000000000000000042e-02
2.000000000000000042e-02
2.000000000000000042e-02
2.000000000000000042e-02
2.000000000000000042e-02
4.000000000000000083e-02
4.000000000000000083e-02
4.000000000000000083e-02
4.000000000000000083e-02
4.000000000000000083e-02
4.000000000000000083e-02
4.000000000000000083e-02
4.000000000000000083e-02
4.000000000000000083e-02
4.000000000000000083e-02
4.000000000000000083e-02
4.000000000000000083e-02
2.000000000000000042e-02
2.000000000000000042e-02
2.000000000000000042e-02
2.000000000000000042e-02
2.000000000000000042e-02
2.000000000000000042e-02
2.000000000000000042e-02
2.000000000000000042e-02
2.000000000000000042e-02
2.000000000000000042e-02
2.000000000000000042e-02
2.000000000000000042e-02
2.000000000000000042e-02
2.000000000000000042e-02
2.000000000000000042e-02
2.000000000000000042e-02
2.000000000000000042e-02
2.000000000000000042e-02
2.000000000000000042e-02
2.000000000000000042e-02
2.000000000000000042e-02
2.000000000000000042e-02
2.000000000000000042e-02
2.000000000000000042e-02
4.000000000000000083e-02
4.000000000000000083e-02
5.999999999999999778e-02
5.999999999999999778e-02
5.999999999999999778e-02
5.999999999999999778e-02
5.999999999999999778e-02
8.000000000000000167e-02
8.000000000000000167e-02
8.000000000000000167e-02
8.000000000000000167e-02
8.000000000000000167e-02
8.000000000000000167e-02
8.000000000000000167e-02
8.000000000000000167e-02
8.000000000000000167e-02
8.000000000000000167e-02
8.000000000000000167e-02
8.000000000000000167e-02
8.000000000000000167e-02
8.000000000000000167e-02
8.000000000000000167e-02
8.000000000000000167e-02
8.000000000000000167e-02
8.000000000000000167e-02
8.000000000000000167e-02
8.000000000000000167e-02
8.000000000000000167e-02
8.000000000000000167e-02
8.000000000000000167e-02
8.000000000000000167e-02
8.000000000000000167e-02
8.000000000000000167e-02
8.000000000000000167e-02
8.000000000000000167e-02
8.000000000000000167e-02
8.000000000000000167e-02
8.000000000000000167e-02
8.000000000000000167e-02
1.000000000000000056e-01
1.000000000000000056e-01
1.000000000000000056e-01
1.000000000000000056e-01
1.199999999999999956e-01
1.199999999999999956e-01
1.199999999999999956e-01
1.400000000000000133e-01
1.400000000000000133e-01
1.400000000000000133e-01
1.400000000000000133e-01
1.199999999999999956e-01
1.199999999999999956e-01
1.000000000000000056e-01
1.000000000000000056e-01
1.199999999999999956e-01
1.199999999999999956e-01
1.199999999999999956e-01
1.000000000000000056e-01
1.000000000000000056e-01
1.000000000000000056e-01
1.000000000000000056e-01
1.000000000000000056e-01
1.000000000000000056e-01
1.000000000000000056e-01
8.000000000000000167e-02
8.000000000000000167e-02
8.000000000000000167e-02
1.000000000000000056e-01
1.199999999999999956e-01
1.400000000000000133e-01
1.600000000000000033e-01
1.600000000000000033e-01
1.600000000000000033e-01
1.600000000000000033e-01
1.799999999999999933e-01
1.799999999999999933e-01
1.799999999999999933e-01
1.799999999999999933e-01
1.799999999999999933e-01
1.799999999999999933e-01
1.799999999999999933e-01
2.000000000000000111e-01
2.000000000000000111e-01
2.000000000000000111e-01
2.200000000000000011e-01
2.200000000000000011e-01
2.200000000000000011e-01
2.200000000000000011e-01
2.200000000000000011e-01
2.000000000000000111e-01
2.000000000000000111e-01
2.000000000000000111e-01
2.000000000000000111e-01
1.799999999999999933e-01
1.799999999999999933e-01
2.000000000000000111e-01
1.799999999999999933e-01
1.799999999999999933e-01
1.799999999999999933e-01
1.799999999999999933e-01
1.799999999999999933e-01
1.799999999999999933e-01
2.000000000000000111e-01
2.000000000000000111e-01
1.799999999999999933e-01
1.799999999999999933e-01
1.799999999999999933e-01
1.799999999999999933e-01
1.799999999999999933e-01
1.799999999999999933e-01
2.000000000000000111e-01
2.000000000000000111e-01
2.000000000000000111e-01
2.000000000000000111e-01
2.000000000000000111e-01
2.000000000000000111e-01
2.000000000000000111e-01
2.000000000000000111e-01
1.799999999999999933e-01
1.600000000000000033e-01
1.400000000000000133e-01
1.400000000000000133e-01
1.400000000000000133e-01
1.400000000000000133e-01
1.199999999999999956e-01
1.199999999999999956e-01
1.199999999999999956e-01
1.400000000000000133e-01
1.400000000000000133e-01
1.400000000000000133e-01
1.400000000000000133e-01
1.199999999999999956e-01
1.199999999999999956e-01
1.199999999999999956e-01
1.000000000000000056e-01
1.000000000000000056e-01
1.000000000000000056e-01
1.000000000000000056e-01
1.000000000000000056e-01
1.000000000000000056e-01
1.000000000000000056e-01
1.000000000000000056e-01
1.000000000000000056e-01
1.000000000000000056e-01
1.000000000000000056e-01
8.000000000000000167e-02
1.000000000000000056e-01
1.000000000000000056e-01
1.000000000000000056e-01
1.000000000000000056e-01
1.000000000000000056e-01
1.000000000000000056e-01
8.000000000000000167e-02
8.000000000000000167e-02
8.000000000000000167e-02
1.000000000000000056e-01
1.000000000000000056e-01
1.000000000000000056e-01
1.199999999999999956e-01
1.199999999999999956e-01
1.000000000000000056e-01
1.199999999999999956e-01
1.199999999999999956e-01
1.400000000000000133e-01
1.400000000000000133e-01
1.400000000000000133e-01
1.400000000000000133e-01
1.199999999999999956e-01
1.199999999999999956e-01
1.199999999999999956e-01
1.199999999999999956e-01
1.199999999999999956e-01
1.199999999999999956e-01
1.199999999999999956e-01
1.400000000000000133e-01
1.400000000000000133e-01
1.400000000000000133e-01
1.199999999999999956e-01
1.199999999999999956e-01
1.199999999999999956e-01
1.199999999999999956e-01
1.199999999999999956e-01
1.400000000000000133e-01
1.400000000000000133e-01
1.400000000000000133e-01
1.400000000000000133e-01
1.400000000000000133e-01
1.600000000000000033e-01
1.799999999999999933e-01
1.799999999999999933e-01
2.000000000000000111e-01
2.000000000000000111e-01
2.000000000000000111e-01
2.200000000000000011e-01
2.200000000000000011e-01
2.200000000000000011e-01
2.000000000000000111e-01
2.000000000000000111e-01
2.000000000000000111e-01
2.000000000000000111e-01
2.000000000000000111e-01
2.000000000000000111e-01
2.000000000000000111e-01
2.000000000000000111e-01
2.000000000000000111e-01
1.799999999999999933e-01
1.799999999999999933e-01
1.799999999999999933e-01
1.799999999999999933e-01
1.799999999999999933e-01
1.799999999999999933e-01
1.600000000000000033e-01
1.600000000000000033e-01
1.400000000000000133e-01
1.400000000000000133e-01
1.400000000000000133e-01
1.400000000000000133e-01
1.400000000000000133e-01
1.400000000000000133e-01
1.400000000000000133e-01
1.400000000000000133e-01
1.400000000000000133e-01
1.400000000000000133e-01
1.600000000000000033e-01
1.400000000000000133e-01
1.400000000000000133e-01
1.400000000000000133e-01
1.400000000000000133e-01
1.400000000000000133e-01
1.400000000000000133e-01
1.400000000000000133e-01
1.400000000000000133e-01
1.199999999999999956e-01
1.199999999999999956e-01
1.199999999999999956e-01
1.199999999999999956e-01
1.199999999999999956e-01
1.000000000000000056e-01
8.000000000000000167e-02
8.000000000000000167e-02
5.999999999999999778e-02
5.999999999999999778e-02
5.999999999999999778e-02
4.000000000000000083e-02
4.000000000000000083e-02
4.000000000000000083e-02
4.000000000000000083e-02
4.000000000000000083e-02
5.999999999999999778e-02
5.999999999999999778e-02
5.999999999999999778e-02
5.999999999999999778e-02
5.999999999999999778e-02
5.999999999999999778e-02
5.999999999999999778e-02
5.999999999999999778e-02
5.999999999999999778e-02
5.999999999999999778e-02
4.000000000000000083e-02
4.000000000000000083e-02
5.999999999999999778e-02
5.999999999999999778e-02
5.999999999999999778e-02
5.999999999999999778e-02
5.999999999999999778e-02
5.999999999999999778e-02
5.999999999999999778e-02
5.999999999999999778e-02
5.999999999999999778e-02
5.999999999999999778e-02
5.999999999999999778e-02
5.999999999999999778e-02
5.999999999999999778e-02
4.000000000000000083e-02
4.000000000000000083e-02
4.000000000000000083e-02
4.000000000000000083e-02
4.000000000000000083e-02
4.000000000000000083e-02
4.000000000000000083e-02
4.000000000000000083e-02
4.000000000000000083e-02
4.000000000000000083e-02
4.000000000000000083e-02
4.000000000000000083e-02
4.000000000000000083e-02
4.000000000000000083e-02
4.000000000000000083e-02
4.000000000000000083e-02
5.999999999999999778e-02
5.999999999999999778e-02
5.999999999999999778e-02
5.999999999999999778e-02
5.999999999999999778e-02
8.000000000000000167e-02
8.000000000000000167e-02
8.000000000000000167e-02
8.000000000000000167e-02
5.999999999999999778e-02
5.999999999999999778e-02
5.999999999999999778e-02
5.999999999999999778e-02
5.999999999999999778e-02
5.999999999999999778e-02
5.999999999999999778e-02
8.000000000000000167e-02
8.000000000000000167e-02
8.000000000000000167e-02
1.000000000000000056e-01
1.199999999999999956e-01
1.000000000000000056e-01
1.000000000000000056e-01
1.000000000000000056e-01
1.000000000000000056e-01
1.000000000000000056e-01
1.199999999999999956e-01
1.199999999999999956e-01
1.199999999999999956e-01
1.199999999999999956e-01
1.199999999999999956e-01
1.199999999999999956e-01
1.199999999999999956e-01
1.199999999999999956e-01
1.400000000000000133e-01
1.400000000000000133e-01
1.400000000000000133e-01
1.400000000000000133e-01
1.400000000000000133e-01
1.400000000000000133e-01
1.400000000000000133e-01
1.400000000000000133e-01
1.600000000000000033e-01
1.600000000000000033e-01
1.600000000000000033e-01
1.600000000000000033e-01
1.799999999999999933e-01
1.799999999999999933e-01
1.799999999999999933e-01
1.799999999999999933e-01
1.600000000000000033e-01
1.600000000000000033e-01
1.600000000000000033e-01
1.600000000000000033e-01
1.600000000000000033e-01
1.400000000000000133e-01
1.400000000000000133e-01
1.400000000000000133e-01
1.400000000000000133e-01
1.400000000000000133e-01
1.400000000000000133e-01
1.400000000000000133e-01
1.400000000000000133e-01
1.400000000000000133e-01
1.400000000000000133e-01
1.400000000000000133e-01
1.199999999999999956e-01
1.199999999999999956e-01
1.199999999999999956e-01
1.000000000000000056e-01
8.000000000000000167e-02
8.000000000000000167e-02
8.000000000000000167e-02
1.000000000000000056e-01
1.000000000000000056e-01
1.000000000000000056e-01
1.000000000000000056e-01
1.000000000000000056e-01
1.000000000000000056e-01
1.199999999999999956e-01
1.199999999999999956e-01
1.199999999999999956e-01
1.199999999999999956e-01
1.199999999999999956e-01
1.000000000000000056e-01
1.000000000000000056e-01
1.000000000000000056e-01
1.000000000000000056e-01
1.000000000000000056e-01
1.000000000000000056e-01
1.000000000000000056e-01
1.000000000000000056e-01
8.000000000000000167e-02
8.000000000000000167e-02
8.000000000000000167e-02
8.000000000000000167e-02
5.999999999999999778e-02
5.999999999999999778e-02
5.999999999999999778e-02
5.999999999999999778e-02
5.999999999999999778e-02
5.999999999999999778e-02
5.999999999999999778e-02
5.999999999999999778e-02
5.999999999999999778e-02
8.000000000000000167e-02
8.000000000000000167e-02
8.000000000000000167e-02
8.000000000000000167e-02
8.000000000000000167e-02
1.000000000000000056e-01
1.199999999999999956e-01
1.199999999999999956e-01
1.199999999999999956e-01
1.199999999999999956e-01
1.199999999999999956e-01
1.400000000000000133e-01
1.400000000000000133e-01
1.400000000000000133e-01
1.400000000000000133e-01
1.400000000000000133e-01
1.400000000000000133e-01
1.400000000000000133e-01
1.400000000000000133e-01
1.400000000000000133e-01
1.400000000000000133e-01
1.199999999999999956e-01
1.199999999999999956e-01
1.199999999999999956e-01
1.199999999999999956e-01
1.199999999999999956e-01
1.400000000000000133e-01
1.400000000000000133e-01
1.400000000000000133e-01
1.400000000000000133e-01
1.400000000000000133e-01
1.400000000000000133e-01
1.400000000000000133e-01
1.400000000000000133e-01
1.400000000000000133e-01
1.400000000000000133e-01
1.400000000000000133e-01
1.400000000000000133e-01
1.600000000000000033e-01
1.600000000000000033e-01
1.600000000000000033e-01
1.799999999999999933e-01
1.799999999999999933e-01
1.799999999999999933e-01
1.799999999999999933e-01
1.799999999999999933e-01
2.000000000000000111e-01
2.000000000000000111e-01
2.000000000000000111e-01
2.200000000000000011e-01
2.000000000000000111e-01
2.000000000000000111e-01
2.000000000000000111e-01
2.000000000000000111e-01
2.000000000000000111e-01
2.000000000000000111e-01
1.799999999999999933e-01
1.799999999999999933e-01
1.799999999999999933e-01
1.799999999999999933e-01
1.799999999999999933e-01
1.600000000000000033e-01
1.600000000000000033e-01
1.600000000000000033e-01
1.799999999999999933e-01
1.799999999999999933e-01
1.799999999999999933e-01
1.799999999999999933e-01
1.600000000000000033e-01
1.600000000000000033e-01
1.600000000000000033e-01
1.600000000000000033e-01
1.600000000000000033e-01
1.600000000000000033e-01
1.400000000000000133e-01
1.400000000000000133e-01
1.199999999999999956e-01
1.199999999999999956e-01
1.199999999999999956e-01
1.199999999999999956e-01
1.199999999999999956e-01
1.199999999999999956e-01
1.199999999999999956e-01
1.199999999999999956e-01
1.199999999999999956e-01
1.199999999999999956e-01
1.199999999999999956e-01
1.199999999999999956e-01
1.199999999999999956e-01
1.400000000000000133e-01
1.400000000000000133e-01
1.199999999999999956e-01
1.199999999999999956e-01
1.199999999999999956e-01
1.199999999999999956e-01
1.199999999999999956e-01
1.000000000000000056e-01
1.000000000000000056e-01
1.000000000000000056e-01
1.000000000000000056e-01
1.000000000000000056e-01
1.000000000000000056e-01
1.000000000000000056e-01
1.000000000000000056e-01
1.199999999999999956e-01
1.199999999999999956e-01
1.199999999999999956e-01
1.400000000000000133e-01
1.400000000000000133e-01
1.400000000000000133e-01
1.400000000000000133e-01
1.400000000000000133e-01
1.400000000000000133e-01
1.400000000000000133e-01
1.199999999999999956e-01
1.199999999999999956e-01
1.199999999999999956e-01
1.199999999999999956e-01
1.199999999999999956e-01
1.199999999999999956e-01
1.199999999999999956e-01
1.199999999999999956e-01
1.199999999999999956e-01
1.199999999999999956e-01
1.199999999999999956e-01
1.199999999999999956e-01
1.199999999999999956e-01
1.199999999999999956e-01
1.199999999999999956e-01
1.199999999999999956e-01
1.199999999999999956e-01
1.199999999999999956e-01
1.199999999999999956e-01
1.199999999999999956e-01
1.199999999999999956e-01
1.400000000000000133e-01
1.400000000000000133e-01
1.400000000000000133e-01
1.199999999999999956e-01
1.199999999999999956e-01
1.199999999999999956e-01
1.199999999999999956e-01
1.199999999999999956e-01
1.199999999999999956e-01
1.199999999999999956e-01
1.199999999999999956e-01
1.199999999999999956e-01
1.199999999999999956e-01
1.199999999999999956e-01
1.000000000000000056e-01
1.000000000000000056e-01
1.000000000000000056e-01
1.000000000000000056e-01
1.000000000000000056e-01
8.000000000000000167e-02
5.999999999999999778e-02
5.999999999999999778e-02
5.999999999999999778e-02
5.999999999999999778e-02
5.999999999999999778e-02
5.999999999999999778e-02
5.999999999999999778e-02
5.999999999999999778e-02
8.000000000000000167e-02
8.000000000000000167e-02
1.000000000000000056e-01
1.000000000000000056e-01
1.000000000000000056e-01
1.000000000000000056e-01
1.000000000000000056e-01
1.000000000000000056e-01
1.000000000000000056e-01
1.000000000000000056e-01
1.000000000000000056e-01
1.199999999999999956e-01
1.199999999999999956e-01
1.199999999999999956e-01
1.199999999999999956e-01
1.199999999999999956e-01
1.400000000000000133e-01
1.600000000000000033e-01
1.600000000000000033e-01
1.600000000000000033e-01
1.799999999999999933e-01
1.799999999999999933e-01
1.600000000000000033e-01
1.799999999999999933e-01
1.799999999999999933e-01
1.799999999999999933e-01
1.600000000000000033e-01
1.600000000000000033e-01
1.600000000000000033e-01
1.799999999999999933e-01
1.799999999999999933e-01
2.000000000000000111e-01
2.000000000000000111e-01
2.000000000000000111e-01
2.000000000000000111e-01
2.000000000000000111e-01
2.000000000000000111e-01
2.000000000000000111e-01
2.000000000000000111e-01
2.000000000000000111e-01
2.000000000000000111e-01
2.200000000000000011e-01
2.200000000000000011e-01
2.200000000000000011e-01
2.200000000000000011e-01
2.200000000000000011e-01
2.200000000000000011e-01
2.200000000000000011e-01
2.200000000000000011e-01
2.200000000000000011e-01
2.000000000000000111e-01
2.000000000000000111e-01
1.799999999999999933e-01
1.799999999999999933e-01
1.799999999999999933e-01
1.799999999999999933e-01
1.799999999999999933e-01
1.799999999999999933e-01
1.799999999999999933e-01
1.799999999999999933e-01
1.799999999999999933e-01
1.600000000000000033e-01
1.600000000000000033e-01
1.600000000000000033e-01
1.600000000000000033e-01
1.600000000000000033e-01
1.600000000000000033e-01
1.400000000000000133e-01
1.400000000000000133e-01
1.400000000000000133e-01
1.199999999999999956e-01
1.199999999999999956e-01
1.199999999999999956e-01
1.000000000000000056e-01
1.000000000000000056e-01
1.199999999999999956e-01
1.199999999999999956e-01
1.199999999999999956e-01
1.199999999999999956e-01
1.000000000000000056e-01
1.000000000000000056e-01
8.000000000000000167e-02
8.000000000000000167e-02
1.000000000000000056e-01
1.199999999999999956e-01
1.199999999999999956e-01
1.199999999999999956e-01
1.199999999999999956e-01
1.400000000000000133e-01
1.400000000000000133e-01
1.400000000000000133e-01
1.199999999999999956e-01
1.400000000000000133e-01
1.400000000000000133e-01
1.199999999999999956e-01
1.199999999999999956e-01
1.199999999999999956e-01
1.199999999999999956e-01
1.400000000000000133e-01
1.600000000000000033e-01
1.600000000000000033e-01
1.600000000000000033e-01
1.600000000000000033e-01
1.600000000000000033e-01
1.600000000000000033e-01
1.600000000000000033e-01
1.600000000000000033e-01
1.600000000000000033e-01
1.799999999999999933e-01
1.799999999999999933e-01
1.799999999999999933e-01
2.000000000000000111e-01
2.000000000000000111e-01
2.000000000000000111e-01
2.000000000000000111e-01
2.000000000000000111e-01
1.799999999999999933e-01
2.000000000000000111e-01
2.000000000000000111e-01
2.200000000000000011e-01
2.200000000000000011e-01
2.399999999999999911e-01
2.399999999999999911e-01
2.399999999999999911e-01
2.600000000000000089e-01
2.600000000000000089e-01
2.600000000000000089e-01
2.600000000000000089e-01
2.600000000000000089e-01
2.800000000000000266e-01
2.800000000000000266e-01
2.800000000000000266e-01
2.999999999999999889e-01
2.800000000000000266e-01
2.600000000000000089e-01
2.600000000000000089e-01
2.600000000000000089e-01
2.600000000000000089e-01
2.399999999999999911e-01
2.399999999999999911e-01
2.600000000000000089e-01
2.600000000000000089e-01
2.399999999999999911e-01
2.600000000000000089e-01
2.600000000000000089e-01
2.600000000000000089e-01
2.800000000000000266e-01
2.800000000000000266e-01
2.600000000000000089e-01
2.600000000000000089e-01
2.800000000000000266e-01
2.800000000000000266e-01
2.800000000000000266e-01
2.800000000000000266e-01
2.800000000000000266e-01
2.800000000000000266e-01
2.800000000000000266e-01
2.800000000000000266e-01
2.600000000000000089e-01
2.800000000000000266e-01
2.800000000000000266e-01
2.600000000000000089e-01
2.600000000000000089e-01
2.600000000000000089e-01
2.800000000000000266e-01
2.800000000000000266e-01
2.800000000000000266e-01
2.600000000000000089e-01
2.600000000000000089e-01
2.399999999999999911e-01
2.399999999999999911e-01
2.200000000000000011e-01
2.200000000000000011e-01
2.200000000000000011e-01
2.000000000000000111e-01
1.799999999999999933e-01
1.799999999999999933e-01
2.000000000000000111e-01
2.200000000000000011e-01
2.000000000000000111e-01
2.200000000000000011e-01
2.399999999999999911e-01
2.200000000000000011e-01
2.399999999999999911e-01
2.600000000000000089e-01
2.600000000000000089e-01
2.600000000000000089e-01
2.600000000000000089e-01
2.600000000000000089e-01
2.600000000000000089e-01
2.399999999999999911e-01
2.399999999999999911e-01
2.600000000000000089e-01
2.600000000000000089e-01
2.600000000000000089e-01
2.600000000000000089e-01
2.399999999999999911e-01
2.399999999999999911e-01
2.399999999999999911e-01
2.200000000000000011e-01
2.200000000000000011e-01
2.200000000000000011e-01
2.200000000000000011e-01
2.200000000000000011e-01
2.200000000000000011e-01
2.200000000000000011e-01
2.200000000000000011e-01
2.399999999999999911e-01
2.399999999999999911e-01
2.200000000000000011e-01
2.200000000000000011e-01
2.200000000000000011e-01
2.200000000000000011e-01
2.399999999999999911e-01
2.200000000000000011e-01
2.200000000000000011e-01
2.200000000000000011e-01
2.200000000000000011e-01
2.200000000000000011e-01
2.200000000000000011e-01
2.399999999999999911e-01
2.399999999999999911e-01
2.399999999999999911e-01
2.600000000000000089e-01
2.600000000000000089e-01
2.800000000000000266e-01
2.800000000000000266e-01
2.600000000000000089e-01
2.399999999999999911e-01
2.399999999999999911e-01
2.200000000000000011e-01
2.000000000000000111e-01
2.000000000000000111e-01
1.799999999999999933e-01
1.600000000000000033e-01
1.600000000000000033e-01
1.600000000000000033e-01
1.600000000000000033e-01
1.600000000000000033e-01
1.600000000000000033e-01
1.600000000000000033e-01
1.600000000000000033e-01
1.400000000000000133e-01
1.199999999999999956e-01
1.400000000000000133e-01
1.600000000000000033e-01
1.600000000000000033e-01
1.600000000000000033e-01
1.600000000000000033e-01
1.600000000000000033e-01
1.400000000000000133e-01
1.400000000000000133e-01
1.400000000000000133e-01
1.400000000000000133e-01
1.400000000000000133e-01
1.400000000000000133e-01
1.400000000000000133e-01
1.199999999999999956e-01
1.199999999999999956e-01
1.400000000000000133e-01
1.400000000000000133e-01
1.600000000000000033e-01
1.799999999999999933e-01
1.600000000000000033e-01
1.600000000000000033e-01
1.600000000000000033e-01
1.600000000000000033e-01
1.799999999999999933e-01
1.799999999999999933e-01
1.799999999999999933e-01
1.799999999999999933e-01
1.799999999999999933e-01
1.799999999999999933e-01
1.600000000000000033e-01
1.600000000000000033e-01
1.400000000000000133e-01
1.400000000000000133e-01
1.400000000000000133e-01
1.600000000000000033e-01
1.600000000000000033e-01
1.600000000000000033e-01
1.600000000000000033e-01
1.600000000000000033e-01
1.600000000000000033e-01
1.600000000000000033e-01
1.600000000000000033e-01
1.600000000000000033e-01
1.600000000000000033e-01
1.600000000000000033e-01
1.600000000000000033e-01
1.600000000000000033e-01
1.600000000000000033e-01
1.600000000000000033e-01
1.600000000000000033e-01
1.400000000000000133e-01
1.199999999999999956e-01
1.199999999999999956e-01
1.199999999999999956e-01
1.199999999999999956e-01
1.199999999999999956e-01
1.199999999999999956e-01
1.199999999999999956e-01
1.400000000000000133e-01
1.400000000000000133e-01
1.400000000000000133e-01
1.400000000000000133e-01
1.400000000000000133e-01
1.400000000000000133e-01
1.400000000000000133e-01
1.199999999999999956e-01
1.199999999999999956e-01
1.000000000000000056e-01
8.000000000000000167e-02
8.000000000000000167e-02
8.000000000000000167e-02
8.000000000000000167e-02
8.000000000000000167e-02
5.999999999999999778e-02
5.999999999999999778e-02
8.000000000000000167e-02
5.999999999999999778e-02
5.999999999999999778e-02
8.000000000000000167e-02
8.000000000000000167e-02
8.000000000000000167e-02
8.000000000000000167e-02
8.000000000000000167e-02
8.000000000000000167e-02
5.999999999999999778e-02
5.999999999999999778e-02
5.999999999999999778e-02
5.999999999999999778e-02
5.999999999999999778e-02
5.999999999999999778e-02
5.999999999999999778e-02
5.999999999999999778e-02
5.999999999999999778e-02
5.999999999999999778e-02
5.999999999999999778e-02
5.999999999999999778e-02
8.000000000000000167e-02
8.000000000000000167e-02
8.000000000000000167e-02
8.000000000000000167e-02
8.000000000000000167e-02
8.000000000000000167e-02
1.000000000000000056e-01
1.000000000000000056e-01
1.000000000000000056e-01
1.199999999999999956e-01
1.199999999999999956e-01
1.400000000000000133e-01
1.199999999999999956e-01
1.199999999999999956e-01
1.199999999999999956e-01
1.199999999999999956e-01
1.199999999999999956e-01
1.199999999999999956e-01
1.199999999999999956e-01
1.400000000000000133e-01
1.400000000000000133e-01
1.400000000000000133e-01
1.400000000000000133e-01
1.400000000000000133e-01
1.400000000000000133e-01
1.400000000000000133e-01
1.400000000000000133e-01
1.400000000000000133e-01
1.400000000000000133e-01
1.199999999999999956e-01
1.199999999999999956e-01
1.199999999999999956e-01
1.000000000000000056e-01
1.000000000000000056e-01
1.000000000000000056e-01
1.000000000000000056e-01
1.000000000000000056e-01
1.000000000000000056e-01
1.000000000000000056e-01
1.000000000000000056e-01
1.199999999999999956e-01
1.199999999999999956e-01
1.199999999999999956e-01
1.199999999999999956e-01
1.199999999999999956e-01
1.199999999999999956e-01
1.199999999999999956e-01
1.400000000000000133e-01
1.400000000000000133e-01
1.400000000000000133e-01
1.400000000000000133e-01
1.400000000000000133e-01
1.600000000000000033e-01
1.600000000000000033e-01
1.600000000000000033e-01
1.600000000000000033e-01
1.400000000000000133e-01
1.400000000000000133e-01
1.400000000000000133e-01
1.400000000000000133e-01
1.400000000000000133e-01
1.199999999999999956e-01
1.199999999999999956e-01
1.199999999999999956e-01
1.199999999999999956e-01
1.199999999999999956e-01
1.199999999999999956e-01
1.199999999999999956e-01
1.199999999999999956e-01
1.000000000000000056e-01
1.000000000000000056e-01
1.000000000000000056e-01
1.199999999999999956e-01
1.199999999999999956e-01
1.199999999999999956e-01
1.199999999999999956e-01
1.400000000000000133e-01
1.400000000000000133e-01
1.400000000000000133e-01
1.400000000000000133e-01
1.400000000000000133e-01
1.400000000000000133e-01
1.400000000000000133e-01
1.600000000000000033e-01
1.600000000000000033e-01
1.600000000000000033e-01
1.600000000000000033e-01
1.600000000000000033e-01
1.600000000000000033e-01
1.600000000000000033e-01
1.400000000000000133e-01
1.600000000000000033e-01
1.600000000000000033e-01
1.600000000000000033e-01
1.600000000000000033e-01
1.600000000000000033e-01
1.600000000000000033e-01
1.400000000000000133e-01
1.400000000000000133e-01
1.400000000000000133e-01
1.199999999999999956e-01
1.199999999999999956e-01
1.000000000000000056e-01
1.000000000000000056e-01
1.000000000000000056e-01
1.000000000000000056e-01
1.000000000000000056e-01
1.000000000000000056e-01
1.000000000000000056e-01
8.000000000000000167e-02
8.000000000000000167e-02
8.000000000000000167e-02
8.000000000000000167e-02
8.000000000000000167e-02
8.000000000000000167e-02
8.000000000000000167e-02
8.000000000000000167e-02
8.000000000000000167e-02
8.000000000000000167e-02
8.000000000000000167e-02
8.000000000000000167e-02
8.000000000000000167e-02
5.999999999999999778e-02
8.000000000000000167e-02
8.000000000000000167e-02
8.000000000000000167e-02
8.000000000000000167e-02
8.000000000000000167e-02
8.000000000000000167e-02
8.000000000000000167e-02
1.000000000000000056e-01
1.000000000000000056e-01
1.199999999999999956e-01
1.000000000000000056e-01
1.000000000000000056e-01
1.199999999999999956e-01
1.400000000000000133e-01
1.400000000000000133e-01
1.400000000000000133e-01
1.600000000000000033e-01
1.600000000000000033e-01
1.400000000000000133e-01
1.600000000000000033e-01
1.600000000000000033e-01
1.600000000000000033e-01
1.600000000000000033e-01
1.600000000000000033e-01
1.600000000000000033e-01
1.799999999999999933e-01
1.799999999999999933e-01
1.799999999999999933e-01
2.000000000000000111e-01
2.000000000000000111e-01
2.000000000000000111e-01
2.000000000000000111e-01
2.000000000000000111e-01
2.000000000000000111e-01
2.000000000000000111e-01
2.000000000000000111e-01
2.000000000000000111e-01
2.000000000000000111e-01
2.000000000000000111e-01
2.000000000000000111e-01
2.000000000000000111e-01
2.000000000000000111e-01
2.000000000000000111e-01
2.000000000000000111e-01
2.000000000000000111e-01
2.000000000000000111e-01
2.000000000000000111e-01
2.000000000000000111e-01
2.000000000000000111e-01
2.000000000000000111e-01
1.799999999999999933e-01
1.799999999999999933e-01
1.799999999999999933e-01
1.600000000000000033e-01
1.600000000000000033e-01
1.600000000000000033e-01
1.600000000000000033e-01
1.400000000000000133e-01
1.400000000000000133e-01
1.199999999999999956e-01
1.199999999999999956e-01
1.400000000000000133e-01
1.199999999999999956e-01
1.000000000000000056e-01
1.000000000000000056e-01
1.000000000000000056e-01
8.000000000000000167e-02
8.000000000000000167e-02
1.000000000000000056e-01
8.000000000000000167e-02
8.000000000000000167e-02
8.000000000000000167e-02
8.000000000000000167e-02
1.000000000000000056e-01
1.000000000000000056e-01
8.000000000000000167e-02
8.000000000000000167e-02
8.000000000000000167e-02
5.999999999999999778e-02
5.999999999999999778e-02
8.000000000000000167e-02
8.000000000000000167e-02
8.000000000000000167e-02
8.000000000000000167e-02
8.000000000000000167e-02
8.000000000000000167e-02
8.000000000000000167e-02
8.000000000000000167e-02
8.000000000000000167e-02
8.000000000000000167e-02
8.000000000000000167e-02
8.000000000000000167e-02
8.000000000000000167e-02
8.000000000000000167e-02
8.000000000000000167e-02
8.000000000000000167e-02
8.000000000000000167e-02
8.000000000000000167e-02
8.000000000000000167e-02
8.000000000000000167e-02
8.000000000000000167e-02
8.000000000000000167e-02
8.000000000000000167e-02
8.000000000000000167e-02
1.000000000000000056e-01
1.000000000000000056e-01
1.000000000000000056e-01
1.000000000000000056e-01
1.199999999999999956e-01
1.199999999999999956e-01
1.199999999999999956e-01
1.000000000000000056e-01
1.000000000000000056e-01
1.199999999999999956e-01
1.199999999999999956e-01
1.199999999999999956e-01
1.199999999999999956e-01
1.199999999999999956e-01
1.199999999999999956e-01
1.199999999999999956e-01
1.199999999999999956e-01
1.199999999999999956e-01
1.199999999999999956e-01
1.000000000000000056e-01
1.000000000000000056e-01
1.000000000000000056e-01
1.199999999999999956e-01
1.199999999999999956e-01
1.199999999999999956e-01
1.199999999999999956e-01
1.000000000000000056e-01
1.000000000000000056e-01
1.000000000000000056e-01
1.000000000000000056e-01
1.000000000000000056e-01
1.000000000000000056e-01
1.000000000000000056e-01
1.000000000000000056e-01
1.199999999999999956e-01
1.199999999999999956e-01
1.199999999999999956e-01
1.199999999999999956e-01
1.199999999999999956e-01
1.199999999999999956e-01
1.400000000000000133e-01
1.400000000000000133e-01
1.400000000000000133e-01
1.400000000000000133e-01
1.400000000000000133e-01
1.600000000000000033e-01
1.600000000000000033e-01
1.600000000000000033e-01
1.600000000000000033e-01
1.600000000000000033e-01
1.400000000000000133e-01
1.400000000000000133e-01
1.400000000000000133e-01
1.400000000000000133e-01
1.199999999999999956e-01
1.199999999999999956e-01
1.199999999999999956e-01
1.199999999999999956e-01
1.199999999999999956e-01
1.000000000000000056e-01
1.000000000000000056e-01
1.199999999999999956e-01
1.199999999999999956e-01
1.199999999999999956e-01
1.000000000000000056e-01
1.000000000000000056e-01
1.000000000000000056e-01
1.000000000000000056e-01
1.000000000000000056e-01
1.199999999999999956e-01
1.199999999999999956e-01
1.199999999999999956e-01
1.000000000000000056e-01
1.000000000000000056e-01
1.000000000000000056e-01
1.000000000000000056e-01
1.000000000000000056e-01
1.000000000000000056e-01
1.000000000000000056e-01
1.000000000000000056e-01
1.000000000000000056e-01
1.000000000000000056e-01
1.199999999999999956e-01
1.199999999999999956e-01
1.199999999999999956e-01
1.199999999999999956e-01
1.199999999999999956e-01
1.199999999999999956e-01
1.199999999999999956e-01
1.199999999999999956e-01
1.000000000000000056e-01
1.199999999999999956e-01
1.199999999999999956e-01
1.400000000000000133e-01
1.600000000000000033e-01
1.400000000000000133e-01
1.400000000000000133e-01
1.400000000000000133e-01
1.400000000000000133e-01
1.600000000000000033e-01
1.600000000000000033e-01
1.600000000000000033e-01
1.600000000000000033e-01
1.600000000000000033e-01
1.600000000000000033e-01
1.600000000000000033e-01
1.600000000000000033e-01
1.600000000000000033e-01
1.600000000000000033e-01
1.799999999999999933e-01
1.799999999999999933e-01
1.600000000000000033e-01
1.600000000000000033e-01
1.799999999999999933e-01
1.799999999999999933e-01
1.799999999999999933e-01
1.799999999999999933e-01
2.000000000000000111e-01
2.200000000000000011e-01
2.000000000000000111e-01
2.000000000000000111e-01
2.000000000000000111e-01
2.000000000000000111e-01
2.000000000000000111e-01
2.000000000000000111e-01
2.000000000000000111e-01
2.000000000000000111e-01
2.000000000000000111e-01
2.200000000000000011e-01
2.200000000000000011e-01
2.200000000000000011e-01
2.200000000000000011e-01
2.000000000000000111e-01
2.200000000000000011e-01
2.000000000000000111e-01
2.000000000000000111e-01
2.000000000000000111e-01
2.000000000000000111e-01
2.000000000000000111e-01
2.000000000000000111e-01
2.000000000000000111e-01
2.000000000000000111e-01
2.000000000000000111e-01
2.000000000000000111e-01
1.799999999999999933e-01
1.799999999999999933e-01
1.799999999999999933e-01
2.000000000000000111e-01
2.000000000000000111e-01
1.799999999999999933e-01
1.799999999999999933e-01
1.799999999999999933e-01
2.000000000000000111e-01
2.000000000000000111e-01
2.000000000000000111e-01
2.000000000000000111e-01
2.200000000000000011e-01
2.200000000000000011e-01
2.200000000000000011e-01
2.000000000000000111e-01
2.000000000000000111e-01
2.000000000000000111e-01
2.000000000000000111e-01
1.799999999999999933e-01
1.799999999999999933e-01
1.799999999999999933e-01
1.799999999999999933e-01
1.600000000000000033e-01
1.400000000000000133e-01
1.600000000000000033e-01
1.600000000000000033e-01
1.600000000000000033e-01
1.600000000000000033e-01
1.600000000000000033e-01
1.799999999999999933e-01
2.000000000000000111e-01
2.000000000000000111e-01
2.000000000000000111e-01
1.799999999999999933e-01
1.799999999999999933e-01
1.799999999999999933e-01
1.799999999999999933e-01
1.799999999999999933e-01
1.600000000000000033e-01
1.600000000000000033e-01
1.600000000000000033e-01
1.600000000000000033e-01
1.600000000000000033e-01
1.600000000000000033e-01
1.799999999999999933e-01
1.799999999999999933e-01
1.600000000000000033e-01
1.600000000000000033e-01
1.400000000000000133e-01
1.600000000000000033e-01
1.600000000000000033e-01
1.799999999999999933e-01
1.600000000000000033e-01
1.600000000000000033e-01
1.600000000000000033e-01
1.799999999999999933e-01
1.799999999999999933e-01
1.799999999999999933e-01
1.799999999999999933e-01
1.799999999999999933e-01
1.799999999999999933e-01
1.600000000000000033e-01
1.799999999999999933e-01
1.799999999999999933e-01
2.000000000000000111e-01
2.200000000000000011e-01
2.200000000000000011e-01
2.200000000000000011e-01
2.200000000000000011e-01
2.399999999999999911e-01
2.399999999999999911e-01
2.399999999999999911e-01
2.399999999999999911e-01
2.600000000000000089e-01
2.399999999999999911e-01
2.399999999999999911e-01
2.399999999999999911e-01
2.399999999999999911e-01
2.399999999999999911e-01
2.200000000000000011e-01
2.000000000000000111e-01
2.000000000000000111e-01
2.000000000000000111e-01
2.000000000000000111e-01
2.000000000000000111e-01
2.000000000000000111e-01
2.000000000000000111e-01
2.000000000000000111e-01
2.000000000000000111e-01
2.000000000000000111e-01
2.200000000000000011e-01
2.200000000000000011e-01
2.200000000000000011e-01
2.200000000000000011e-01
2.000000000000000111e-01
2.000000000000000111e-01
2.000000000000000111e-01
2.200000000000000011e-01
2.200000000000000011e-01
2.000000000000000111e-01
2.000000000000000111e-01
1.799999999999999933e-01
1.799999999999999933e-01
1.799999999999999933e-01
1.799999999999999933e-01
1.600000000000000033e-01
1.600000000000000033e-01
1.400000000000000133e-01
1.400000000000000133e-01
1.400000000000000133e-01
1.400000000000000133e-01
1.400000000000000133e-01
1.199999999999999956e-01
1.199999999999999956e-01
1.000000000000000056e-01
8.000000000000000167e-02
8.000000000000000167e-02
8.000000000000000167e-02
8.000000000000000167e-02
5.999999999999999778e-02
5.999999999999999778e-02
5.999999999999999778e-02
5.999999999999999778e-02
4.000000000000000083e-02
4.000000000000000083e-02
4.000000000000000083e-02
4.000000000000000083e-02
4.000000000000000083e-02
4.000000000000000083e-02
5.999999999999999778e-02
5.999999999999999778e-02
8.000000000000000167e-02
8.000000000000000167e-02
8.000000000000000167e-02
1.000000000000000056e-01
1.000000000000000056e-01
1.000000000000000056e-01
1.000000000000000056e-01
1.000000000000000056e-01
1.000000000000000056e-01
1.000000000000000056e-01
1.000000000000000056e-01
1.000000000000000056e-01
1.000000000000000056e-01
1.000000000000000056e-01
1.000000000000000056e-01
1.000000000000000056e-01
8.000000000000000167e-02
8.000000000000000167e-02
8.000000000000000167e-02
8.000000000000000167e-02
8.000000000000000167e-02
1.000000000000000056e-01
1.000000000000000056e-01
1.000000000000000056e-01
1.000000000000000056e-01
1.000000000000000056e-01
1.199999999999999956e-01
1.199999999999999956e-01
1.199999999999999956e-01
1.400000000000000133e-01
1.400000000000000133e-01
1.400000000000000133e-01
1.400000000000000133e-01
1.600000000000000033e-01
1.600000000000000033e-01
1.600000000000000033e-01
1.600000000000000033e-01
1.600000000000000033e-01
1.600000000000000033e-01
1.600000000000000033e-01
1.600000000000000033e-01
1.600000000000000033e-01
1.600000000000000033e-01
1.600000000000000033e-01
1.600000000000000033e-01
1.600000000000000033e-01
1.600000000000000033e-01
1.799999999999999933e-01
1.799999999999999933e-01
2.000000000000000111e-01
2.000000000000000111e-01
2.000000000000000111e-01
2.200000000000000011e-01
2.000000000000000111e-01
2.000000000000000111e-01
2.000000000000000111e-01
2.000000000000000111e-01
2.000000000000000111e-01
2.000000000000000111e-01
2.000000000000000111e-01
2.200000000000000011e-01
2.200000000000000011e-01
2.200000000000000011e-01
2.200000000000000011e-01
2.200000000000000011e-01
2.399999999999999911e-01
2.399999999999999911e-01
2.399999999999999911e-01
2.399999999999999911e-01
2.399999999999999911e-01
2.399999999999999911e-01
2.399999999999999911e-01
2.399999999999999911e-01
2.399999999999999911e-01
2.600000000000000089e-01
2.600000000000000089e-01
2.399999999999999911e-01
2.399999999999999911e-01
2.399999999999999911e-01
2.200000000000000011e-01
2.200000000000000011e-01
2.200000000000000011e-01
2.200000000000000011e-01
2.000000000000000111e-01
2.000000000000000111e-01
2.000000000000000111e-01
2.200000000000000011e-01
2.200000000000000011e-01
2.200000000000000011e-01
2.200000000000000011e-01
2.200000000000000011e-01
2.200000000000000011e-01
2.200000000000000011e-01
2.200000000000000011e-01
2.200000000000000011e-01
2.200000000000000011e-01
2.200000000000000011e-01
2.000000000000000111e-01
1.799999999999999933e-01
1.799999999999999933e-01
1.600000000000000033e-01
1.600000000000000033e-01
1.400000000000000133e-01
1.400000000000000133e-01
1.600000000000000033e-01
1.600000000000000033e-01
1.600000000000000033e-01
1.600000000000000033e-01
1.799999999999999933e-01
1.600000000000000033e-01
1.400000000000000133e-01
1.400000000000000133e-01
1.400000000000000133e-01
1.400000000000000133e-01
1.400000000000000133e-01
1.199999999999999956e-01
1.400000000000000133e-01
1.400000000000000133e-01
1.400000000000000133e-01
1.400000000000000133e-01
1.600000000000000033e-01
1.400000000000000133e-01
1.400000000000000133e-01
1.400000000000000133e-01
1.199999999999999956e-01
1.199999999999999956e-01
1.199999999999999956e-01
1.199999999999999956e-01
1.199999999999999956e-01
1.199999999999999956e-01
1.400000000000000133e-01
1.400000000000000133e-01
1.400000000000000133e-01
1.400000000000000133e-01
1.400000000000000133e-01
1.600000000000000033e-01
1.400000000000000133e-01
1.400000000000000133e-01
1.600000000000000033e-01
1.600000000000000033e-01
1.600000000000000033e-01
1.600000000000000033e-01
1.799999999999999933e-01
1.799999999999999933e-01
1.799999999999999933e-01
1.799999999999999933e-01
1.799999999999999933e-01
1.799999999999999933e-01
1.799999999999999933e-01
1.600000000000000033e-01
1.600000000000000033e-01
1.600000000000000033e-01
1.799999999999999933e-01
1.799999999999999933e-01
1.600000000000000033e-01
1.600000000000000033e-01
1.799999999999999933e-01
2.000000000000000111e-01
1.799999999999999933e-01
1.799999999999999933e-01
1.799999999999999933e-01
1.799999999999999933e-01
2.000000000000000111e-01
2.000000000000000111e-01
2.200000000000000011e-01
2.200000000000000011e-01
2.000000000000000111e-01
2.000000000000000111e-01
2.000000000000000111e-01
2.000000000000000111e-01
1.799999999999999933e-01
2.000000000000000111e-01
2.000000000000000111e-01
2.000000000000000111e-01
2.000000000000000111e-01
2.000000000000000111e-01
2.000000000000000111e-01
2.000000000000000111e-01
2.000000000000000111e-01
2.000000000000000111e-01
1.799999999999999933e-01
1.799999999999999933e-01
1.799999999999999933e-01
1.799999999999999933e-01
1.799999999999999933e-01
1.799999999999999933e-01
1.799999999999999933e-01
2.000000000000000111e-01
1.799999999999999933e-01
1.799999999999999933e-01
1.799999999999999933e-01
1.799999999999999933e-01
1.600000000000000033e-01
1.799999999999999933e-01
1.799999999999999933e-01
1.799999999999999933e-01
1.799999999999999933e-01
2.000000000000000111e-01
2.000000000000000111e-01
2.000000000000000111e-01
2.000000000000000111e-01
2.200000000000000011e-01
2.000000000000000111e-01
2.000000000000000111e-01
2.000000000000000111e-01
2.000000000000000111e-01
2.000000000000000111e-01
1.799999999999999933e-01
1.799999999999999933e-01
1.799999999999999933e-01
1.799999999999999933e-01
1.799999999999999933e-01
1.600000000000000033e-01
1.799999999999999933e-01
1.600000000000000033e-01
1.600000000000000033e-01
1.600000000000000033e-01
1.600000000000000033e-01
1.600000000000000033e-01
1.600000000000000033e-01
1.600000000000000033e-01
1.400000000000000133e-01
1.400000000000000133e-01
1.400000000000000133e-01
1.400000000000000133e-01
1.400000000000000133e-01
1.400000000000000133e-01
1.400000000000000133e-01
1.400000000000000133e-01
1.400000000000000133e-01
1.400000000000000133e-01
1.600000000000000033e-01
1.799999999999999933e-01
1.799999999999999933e-01
1.799999999999999933e-01
1.600000000000000033e-01
1.600000000000000033e-01
1.400000000000000133e-01
1.400000000000000133e-01
1.400000000000000133e-01
1.400000000000000133e-01
1.400000000000000133e-01
1.400000000000000133e-01
1.199999999999999956e-01
1.199999999999999956e-01
1.400000000000000133e-01
1.400000000000000133e-01
1.199999999999999956e-01
1.400000000000000133e-01
1.400000000000000133e-01
1.400000000000000133e-01
1.199999999999999956e-01
1.199999999999999956e-01
1.199999999999999956e-01
1.199999999999999956e-01
1.199999999999999956e-01
1.000000000000000056e-01
1.000000000000000056e-01
1.000000000000000056e-01
1.000000000000000056e-01
1.000000000000000056e-01
1.000000000000000056e-01
1.000000000000000056e-01
8.000000000000000167e-02
1.000000000000000056e-01
1.199999999999999956e-01
1.199999999999999956e-01
1.400000000000000133e-01
1.400000000000000133e-01
1.600000000000000033e-01
1.600000000000000033e-01
1.799999999999999933e-01
1.799999999999999933e-01
1.799999999999999933e-01
1.799999999999999933e-01
1.799999999999999933e-01
1.799999999999999933e-01
2.000000000000000111e-01
2.200000000000000011e-01
2.200000000000000011e-01
2.200000000000000011e-01
2.000000000000000111e-01
1.799999999999999933e-01
1.799999999999999933e-01
2.000000000000000111e-01
2.000000000000000111e-01
2.000000000000000111e-01
2.000000000000000111e-01
2.000000000000000111e-01
2.000000000000000111e-01
2.000000000000000111e-01
2.000000000000000111e-01
2.000000000000000111e-01
2.000000000000000111e-01
2.000000000000000111e-01
1.799999999999999933e-01
1.799999999999999933e-01
1.799999999999999933e-01
1.600000000000000033e-01
1.600000000000000033e-01
1.600000000000000033e-01
1.600000000000000033e-01
1.600000000000000033e-01
1.600000000000000033e-01
1.600000000000000033e-01
1.600000000000000033e-01
1.600000000000000033e-01
1.799999999999999933e-01
1.799999999999999933e-01
1.799999999999999933e-01
1.799999999999999933e-01
2.000000000000000111e-01
2.000000000000000111e-01
2.200000000000000011e-01
2.000000000000000111e-01
2.000000000000000111e-01
2.000000000000000111e-01
1.799999999999999933e-01
2.000000000000000111e-01
1.799999999999999933e-01
1.799999999999999933e-01
1.600000000000000033e-01
1.799999999999999933e-01
1.799999999999999933e-01
1.799999999999999933e-01
1.799999999999999933e-01
1.799999999999999933e-01
1.600000000000000033e-01
1.400000000000000133e-01
1.400000000000000133e-01
1.400000000000000133e-01
1.400000000000000133e-01
1.400000000000000133e-01
1.400000000000000133e-01
1.199999999999999956e-01
1.199999999999999956e-01
1.199999999999999956e-01
1.199999999999999956e-01
1.199999999999999956e-01
1.199999999999999956e-01
1.199999999999999956e-01
1.199999999999999956e-01
1.199999999999999956e-01
1.199999999999999956e-01
1.199999999999999956e-01
1.199999999999999956e-01
1.199999999999999956e-01
1.199999999999999956e-01
1.199999999999999956e-01
1.199999999999999956e-01
1.199999999999999956e-01
1.199999999999999956e-01
1.199999999999999956e-01
1.199999999999999956e-01
1.199999999999999956e-01
1.400000000000000133e-01
1.400000000000000133e-01
1.199999999999999956e-01
1.199999999999999956e-01
1.199999999999999956e-01
1.199999999999999956e-01
1.000000000000000056e-01
1.000000000000000056e-01
8.000000000000000167e-02
8.000000000000000167e-02
5.999999999999999778e-02
5.999999999999999778e-02
8.000000000000000167e-02
5.999999999999999778e-02
8.000000000000000167e-02
8.000000000000000167e-02
8.000000000000000167e-02
5.999999999999999778e-02
5.999999999999999778e-02
5.999999999999999778e-02
5.999999999999999778e-02
5.999999999999999778e-02
5.999999999999999778e-02
5.999999999999999778e-02
5.999999999999999778e-02
8.000000000000000167e-02
8.000000000000000167e-02
8.000000000000000167e-02
8.000000000000000167e-02
8.000000000000000167e-02
8.000000000000000167e-02
8.000000000000000167e-02
8.000000000000000167e-02
1.000000000000000056e-01
1.000000000000000056e-01
1.000000000000000056e-01
1.000000000000000056e-01
1.199999999999999956e-01
1.199999999999999956e-01
1.400000000000000133e-01
1.400000000000000133e-01
1.600000000000000033e-01
1.600000000000000033e-01
1.600000000000000033e-01
1.600000000000000033e-01
1.799999999999999933e-01
1.799999999999999933e-01
1.799999999999999933e-01
1.799999999999999933e-01
1.799999999999999933e-01
1.600000000000000033e-01
1.600000000000000033e-01
1.600000000000000033e-01
1.600000000000000033e-01
1.600000000000000033e-01
1.600000000000000033e-01
1.600000000000000033e-01
1.600000000000000033e-01
1.600000000000000033e-01
1.600000000000000033e-01
1.799999999999999933e-01
2.000000000000000111e-01
1.799999999999999933e-01
1.799999999999999933e-01
1.600000000000000033e-01
1.600000000000000033e-01
1.600000000000000033e-01
1.600000000000000033e-01
1.600000000000000033e-01
1.600000000000000033e-01
1.600000000000000033e-01
1.600000000000000033e-01
1.600000000000000033e-01
1.600000000000000033e-01
1.600000000000000033e-01
1.400000000000000133e-01
1.400000000000000133e-01
1.400000000000000133e-01
1.400000000000000133e-01
1.400000000000000133e-01
1.400000000000000133e-01
1.400000000000000133e-01
1.600000000000000033e-01
1.400000000000000133e-01
1.600000000000000033e-01
1.600000000000000033e-01
1.600000000000000033e-01
1.400000000000000133e-01
1.400000000000000133e-01
1.199999999999999956e-01
1.400000000000000133e-01
1.199999999999999956e-01
1.199999999999999956e-01
1.199999999999999956e-01
1.199999999999999956e-01
1.199999999999999956e-01
1.199999999999999956e-01
1.199999999999999956e-01
1.199999999999999956e-01
1.199999999999999956e-01
1.199999999999999956e-01
1.199999999999999956e-01
1.199999999999999956e-01
1.199999999999999956e-01
1.199999999999999956e-01
1.199999999999999956e-01
1.199999999999999956e-01
1.400000000000000133e-01
1.600000000000000033e-01
1.600000000000000033e-01
1.400000000000000133e-01
1.199999999999999956e-01
1.199999999999999956e-01
1.199999999999999956e-01
1.199999999999999956e-01
1.199999999999999956e-01
1.199999999999999956e-01
1.199999999999999956e-01
1.199999999999999956e-01
1.400000000000000133e-01
1.400000000000000133e-01
1.400000000000000133e-01
1.600000000000000033e-01
1.600000000000000033e-01
1.600000000000000033e-01
1.600000000000000033e-01
1.600000000000000033e-01
1.600000000000000033e-01
1.600000000000000033e-01
1.600000000000000033e-01
1.799999999999999933e-01
1.799999999999999933e-01
1.600000000000000033e-01
1.600000000000000033e-01
1.400000000000000133e-01
1.400000000000000133e-01
1.400000000000000133e-01
1.400000000000000133e-01
1.400000000000000133e-01
1.600000000000000033e-01
1.600000000000000033e-01
1.799999999999999933e-01
1.799999999999999933e-01
1.799999999999999933e-01
1.799999999999999933e-01
1.600000000000000033e-01
1.600000000000000033e-01
1.600000000000000033e-01
1.600000000000000033e-01
1.600000000000000033e-01
1.600000000000000033e-01
1.600000000000000033e-01
1.799999999999999933e-01
1.799999999999999933e-01
1.799999999999999933e-01
1.799999999999999933e-01
1.799999999999999933e-01
1.600000000000000033e-01
1.400000000000000133e-01
1.400000000000000133e-01
1.400000000000000133e-01
1.400000000000000133e-01
1.400000000000000133e-01
1.400000000000000133e-01
1.400000000000000133e-01
1.400000000000000133e-01
1.400000000000000133e-01
1.400000000000000133e-01
1.400000000000000133e-01
1.199999999999999956e-01
1.400000000000000133e-01
1.400000000000000133e-01
1.199999999999999956e-01
1.199999999999999956e-01
1.199999999999999956e-01
1.199999999999999956e-01
1.199999999999999956e-01
1.199999999999999956e-01
1.199999999999999956e-01
1.400000000000000133e-01
1.199999999999999956e-01
1.400000000000000133e-01
1.400000000000000133e-01
1.400000000000000133e-01
1.400000000000000133e-01
1.400000000000000133e-01
1.400000000000000133e-01
1.400000000000000133e-01
1.600000000000000033e-01
1.400000000000000133e-01
1.199999999999999956e-01
1.000000000000000056e-01
1.000000000000000056e-01
1.000000000000000056e-01
1.000000000000000056e-01
1.000000000000000056e-01
1.000000000000000056e-01
1.000000000000000056e-01
1.000000000000000056e-01
1.000000000000000056e-01
1.000000000000000056e-01
1.000000000000000056e-01
8.000000000000000167e-02
8.000000000000000167e-02
8.000000000000000167e-02
8.000000000000000167e-02
8.000000000000000167e-02
8.000000000000000167e-02
8.000000000000000167e-02
8.000000000000000167e-02
1.000000000000000056e-01
1.199999999999999956e-01
1.400000000000000133e-01
1.400000000000000133e-01
1.400000000000000133e-01
1.400000000000000133e-01
1.400000000000000133e-01
1.400000000000000133e-01
1.400000000000000133e-01
1.400000000000000133e-01
1.199999999999999956e-01
1.400000000000000133e-01
1.600000000000000033e-01
1.600000000000000033e-01
1.600000000000000033e-01
1.600000000000000033e-01
1.799999999999999933e-01
1.799999999999999933e-01
1.799999999999999933e-01
1.600000000000000033e-01
1.600000000000000033e-01
1.400000000000000133e-01
1.400000000000000133e-01
1.400000000000000133e-01
1.400000000000000133e-01
1.600000000000000033e-01
1.600000000000000033e-01
1.600000000000000033e-01
1.400000000000000133e-01
1.400000000000000133e-01
1.400000000000000133e-01
1.400000000000000133e-01
1.400000000000000133e-01
1.600000000000000033e-01
1.799999999999999933e-01
2.000000000000000111e-01
2.000000000000000111e-01
2.200000000000000011e-01
2.399999999999999911e-01
2.600000000000000089e-01
2.600000000000000089e-01
2.600000000000000089e-01
2.600000000000000089e-01
2.600000000000000089e-01
2.600000000000000089e-01
2.600000000000000089e-01
2.600000000000000089e-01
2.600000000000000089e-01
2.600000000000000089e-01
2.600000000000000089e-01
2.399999999999999911e-01
2.200000000000000011e-01
2.000000000000000111e-01
2.000000000000000111e-01
2.000000000000000111e-01
2.000000000000000111e-01
2.000000000000000111e-01
2.000000000000000111e-01
2.000000000000000111e-01
2.000000000000000111e-01
2.000000000000000111e-01
1.799999999999999933e-01
1.600000000000000033e-01
1.600000000000000033e-01
1.600000000000000033e-01
1.799999999999999933e-01
1.600000000000000033e-01
1.600000000000000033e-01
1.600000000000000033e-01
1.600000000000000033e-01
1.600000000000000033e-01
1.600000000000000033e-01
1.600000000000000033e-01
1.600000000000000033e-01
1.600000000000000033e-01
1.600000000000000033e-01
1.799999999999999933e-01
1.799999999999999933e-01
1.799999999999999933e-01
1.799999999999999933e-01
1.799999999999999933e-01
1.799999999999999933e-01
1.799999999999999933e-01
1.600000000000000033e-01
1.400000000000000133e-01
1.199999999999999956e-01
1.400000000000000133e-01
1.199999999999999956e-01
1.000000000000000056e-01
8.000000000000000167e-02
8.000000000000000167e-02
8.000000000000000167e-02
8.000000000000000167e-02
8.000000000000000167e-02
8.000000000000000167e-02
8.000000000000000167e-02
8.000000000000000167e-02
8.000000000000000167e-02
8.000000000000000167e-02
8.000000000000000167e-02
8.000000000000000167e-02
1.000000000000000056e-01
1.000000000000000056e-01
1.000000000000000056e-01
1.000000000000000056e-01
1.000000000000000056e-01
1.000000000000000056e-01
1.000000000000000056e-01
1.000000000000000056e-01
1.000000000000000056e-01
1.000000000000000056e-01
1.000000000000000056e-01
1.000000000000000056e-01
1.000000000000000056e-01
1.000000000000000056e-01
8.000000000000000167e-02
8.000000000000000167e-02
1.000000000000000056e-01
1.000000000000000056e-01
1.000000000000000056e-01
1.000000000000000056e-01
1.000000000000000056e-01
1.000000000000000056e-01
1.000000000000000056e-01
1.000000000000000056e-01
8.000000000000000167e-02
5.999999999999999778e-02
5.999999999999999778e-02
5.999999999999999778e-02
8.000000000000000167e-02
8.000000000000000167e-02
8.000000000000000167e-02
8.000000000000000167e-02
8.000000000000000167e-02
8.000000000000000167e-02
8.000000000000000167e-02
5.999999999999999778e-02
5.999999999999999778e-02
5.999999999999999778e-02
5.999999999999999778e-02
5.999999999999999778e-02
5.999999999999999778e-02
5.999999999999999778e-02
5.999999999999999778e-02
5.999999999999999778e-02
5.999999999999999778e-02
5.999999999999999778e-02
5.999999999999999778e-02
5.999999999999999778e-02
8.000000000000000167e-02
8.000000000000000167e-02
8.000000000000000167e-02
8.000000000000000167e-02
8.000000000000000167e-02
8.000000000000000167e-02
8.000000000000000167e-02
8.000000000000000167e-02
8.000000000000000167e-02
8.000000000000000167e-02
8.000000000000000167e-02
8.000000000000000167e-02
8.000000000000000167e-02
8.000000000000000167e-02
8.000000000000000167e-02
8.000000000000000167e-02
8.000000000000000167e-02
8.000000000000000167e-02
5.999999999999999778e-02
5.999999999999999778e-02
5.999999999999999778e-02
8.000000000000000167e-02
8.000000000000000167e-02
1.000000000000000056e-01
1.000000000000000056e-01
1.000000000000000056e-01
1.000000000000000056e-01
1.000000000000000056e-01
1.000000000000000056e-01
1.000000000000000056e-01
8.000000000000000167e-02
8.000000000000000167e-02
8.000000000000000167e-02
8.000000000000000167e-02
8.000000000000000167e-02
8.000000000000000167e-02
8.000000000000000167e-02
8.000000000000000167e-02
8.000000000000000167e-02
8.000000000000000167e-02
8.000000000000000167e-02
8.000000000000000167e-02
8.000000000000000167e-02
8.000000000000000167e-02
8.000000000000000167e-02
8.000000000000000167e-02
8.000000000000000167e-02
1.000000000000000056e-01
1.000000000000000056e-01
1.000000000000000056e-01
8.000000000000000167e-02
8.000000000000000167e-02
